44
37
53
34
52
45
54
48
48
40
57
50
58
42
32
65
36
51
66
59
31
57
54
67
44
28
47
22
63
46
30
63
26
59
32
61
43
55
65
74
48
32
35
37
46
38
45
56
49
71
47
7
59
56
46
39
32
31
53
32
36
57
58
44
34
45
21
63
46
82
60
71
55
44
49
63
59
49
44
23
47
70
54
53
53
23
73
38
58
39
50
48
39
41
48
38
56
36
54
61
69
72
56
52
40
50
58
52
51
86
61
49
27
28
28
47
47
40
37
24
60
57
45
44
34
58
47
49
52
59
56
40
53
50
29
53
81
63
66
61
57
37
54
46
54
53
56
38
50
58
46
55
44
80
38
29
72
37
15
75
51
47
34
36
44
73
59
83
49
39
78
28
63
53
63
67
40
70
56
51
53
43
53
45
35
56
61
45
25
70
76
65
42
67
39
57
77
32
69
51
65
33
42
34
79
43
54
39
43
45
65
67
51
46
58
49
50
32
31
28
21
81
59
70
49
15
41
56
38
50
56
65
53
42
33
51
56
69
59
41
81
54
78
60
34
64
32
52
43
57
50
51
75
37
38
55
38
50
70
24
64
90
26
48
27
40
44
53
35
50
61
64
46
58
29
49
56
56
54
48
49
33
26
81
41
58
44
47
43
66
15
80
65
44
82
49
52
43
40
78
3
49
55
44
37
33
61
7
68
63
44
77
42
51
40
72
63
59
48
44
46
55
57
75
43
54
48
51
53
55
32
78
72
50
64
51
73
15
37
59
69
56
48
53
84
64
58
40
44
6
47
60
34
42
51
65
57
56
47
39
39
44
67
12
46
50
56
38
63
33
44
59
38
49
57
51
99
53
12
51
51
46
56
49
48
56
72
49
19
51
31
46
48
68
50
64
60
53
37
70
68
61
35
71
49
46
43
52
59
69
19
67
74
46
67
23
73
73
39
61
62
53
66
46
35
73
66
53
44
34
42
45
64
53
56
43
23
34
43
40
71
13
36
28
56
8
66
37
45
49
67
56
55
48
24
53
38
62
44
14
49
60
39
61
26
70
62
46
61
50
23
85
56
72
73
41
61
62
34
40
72
87
56
58
33
63
41
53
54
38
33
44
48
63
39
51
34
58
49
70
50
65
41
58
41
50
59
83
42
37
34
52
30
72
65
38
55
54
29
47
48
49
36
50
47
71
59
28
51
53
63
45
50
34
47
71
39
55
59
66
31
42
36
46
31
48
52
73
60
69
20
33
34
25
72
44
49
27
45
68
64
37
51
75
62
39
65
49
70
47
56
28
37
45
46
34
53
50
55
49
56
66
57
53
65
62
59
66
51
77
46
35
59
57
23
43
65
69
64
44
65
44
68
41
59
33
39
62
55
58
70
47
40
31
63
59
57
49
31
20
54
60
48
26
43
55
37
40
54
85
41
40
37
72
27
61
81
45
56
78
53
45
42
52
59
73
37
69
39
60
39
40
31
36
56
56
36
44
44
42
67
55
17
54
54
46
55
48
59
28
42
53
37
53
43
39
24
57
47
50
53
65
38
37
67
75
55
73
67
54
72
26
68
64
48
59
49
65
66
47
29
68
26
31
21
33
53
57
27
34
51
81
60
32
45
39
51
49
65
37
54
56
57
74
66
58
60
67
55
51
39
35
36
66
32
73
52
70
74
37
52
47
67
37
74
45
50
43
67
83
47
32
61
46
29
49
52
44
62
39
49
25
38
46
38
35
23
51
56
56
37
57
43
55
58
53
52
67
65
39
39
68
52
41
48
31
33
25
49
65
51
63
63
9
57
65
45
41
27
44
23
45
58
35
38
72
44
46
53
58
39
57
72
41
64
35
65
51
49
45
64
71
47
61
52
66
40
63
38
68
69
49
32
66
44
56
55
45
60
38
46
47
33
67
52
47
44
62
44
58
64
36
47
36
45
56
48
60
56
68
52
30
59
36
66
29
81
59
67
70
28
64
48
53
47
17
65
75
38
32
3
71
74
45
50
50
54
49
52
43
49
48
56
61
51
52
77
60
57
34
45
64
56
60
45
21
54
42
49
45
45
41
67
68
56
56
44
47
45
46
84
65
45
32
56
47
6
47
41
46
23
38
34
53
38
32
52
38
34
52
34
43
50
68
30
38
22
58
54
62
40
77
53
22
27
63
39
34
44
28
51
61
36
28
36
69
33
48
73
50
32
56
48
51
36
54
44
26
66
53
53
67
40
43
52
47
48
53
57
47
22
28
66
63
70
57
45
28
81
52